35 15
F 19 13 19 12 3 24
W 0 13 0 13 9 24
W 4 14 4 14 9 24
H 17 7 17 7 5 24 True 5
S 2 6 2 5 4 24
A 30 8 30 10 4 24
C 12 11 13 11 11 24
C 11 12 11 12 11 24
C 11 10 11 10 11 10
C 6 10 7 10 11 10
C 9 13 10 13 11 8
C 15 10 15 11 11 7
C 10 9 10 9 11 6
C 10 10 10 10 11 6
C 11 11 11 11 11 5
C 10 13 10 12 11 2
T 20 3 20 3 2 24
T 4 4 4 4 2 24
G 6 14 0 0 0 24
D 13 13 0 0 0 24
GU 32 1 0 0 0 24
G 7 14 0 0 0 24
G 7 13 0 0 0 24
G 6 13 0 0 0 23
D 14 13 0 0 0 20
GU 32 0 0 0 0 19
B 31 6 0 0 99 18
D 14 14 0 0 0 17
D 13 14 0 0 0 16
GU 33 1 0 0 0 16
G 8 14 0 0 0 16
D 14 12 0 0 0 16
D 15 14 0 0 0 16
GU 31 1 0 0 0 15
D 15 13 0 0 0 15
D 16 14 0 0 0 15
D 12 13 0 0 0 14
G 8 13 0 0 0 14
D 15 12 0 0 0 14
D 16 13 0 0 0 14
D 12 14 0 0 0 13
D 13 12 0 0 0 13
G 6 12 0 0 0 12
D 16 12 0 0 0 12
D 17 14 0 0 0 11
D 11 14 0 0 0 11
D 16 11 0 0 0 11
G 7 12 0 0 0 10
G 8 12 0 0 0 10
D 17 13 0 0 0 10
D 17 12 0 0 0 10
B 31 7 0 0 99 9
D 18 13 0 0 0 9
D 18 12 0 0 0 9
D 14 10 0 0 0 8
G 9 12 0 0 0 8
GU 33 0 0 0 0 7
D 16 10 0 0 0 7
GU 32 2 0 0 0 6
D 12 12 0 0 0 6
D 17 11 0 0 0 6
D 18 11 0 0 0 6
D 13 10 0 0 0 6
D 18 14 0 0 0 5
D 17 10 0 0 0 5
D 18 10 0 0 0 5
D 15 9 0 0 0 5
GU 31 0 0 0 0 4
D 15 8 0 0 0 4
G 5 13 0 0 0 3
GU 33 2 0 0 0 3
D 13 9 0 0 0 3
D 17 9 0 0 0 3
D 16 9 0 0 0 3
D 14 8 0 0 0 3
G 9 14 0 0 0 2
GU 31 2 0 0 0 2
D 11 13 0 0 0 2
D 10 14 0 0 0 2
G 7 11 0 0 0 2
B 30 7 0 0 99 2
D 14 11 0 0 0 2
D 19 11 0 0 0 2
D 12 10 0 0 0 2
D 18 9 0 0 0 2
D 17 8 0 0 0 2
D 16 8 0 0 0 2
C 10 11 0 0 11 1
C 9 10 0 0 11 1
C 13 11 0 0 11 1
B 31 8 0 0 99 1
D 19 10 0 0 0 1
D 14 9 0 0 0 1
D 15 7 0 0 0 1
G 5 14 0 0 0 1
GU 33 3 0 0 0 1
D 12 9 0 0 0 1
D 13 8 0 0 0 1
D 14 7 0 0 0 1
GU 31 3 0 0 0 1
D 15 11 0 0 0 1
D 18 8 0 0 0 1
